function T = T_don_47dof_10ab11_1000h1_R11full(in1)
%T_DON_47DOF_10AB11_1000H1_R11FULL
%    T = T_DON_47DOF_10AB11_1000H1_R11FULL(IN1)

%    This function was generated by the Symbolic Math Toolbox version 8.2.
%    23-Oct-2018 08:56:58

b_u11 = in1(32,:);
b_u12 = in1(36,:);
b_u13 = in1(40,:);
b_u21 = in1(33,:);
b_u22 = in1(37,:);
b_u23 = in1(41,:);
b_v11 = in1(34,:);
b_v12 = in1(38,:);
b_v13 = in1(42,:);
b_v21 = in1(35,:);
b_v22 = in1(39,:);
b_v23 = in1(43,:);
b_w11 = in1(46,:);
b_w21 = in1(47,:);
da_u11 = in1(20,:);
da_u12 = in1(24,:);
da_v11 = in1(22,:);
da_u13 = in1(28,:);
da_v12 = in1(26,:);
da_w11 = in1(44,:);
da_v13 = in1(30,:);
da_u21 = in1(21,:);
da_u22 = in1(25,:);
da_v21 = in1(23,:);
da_u23 = in1(29,:);
da_v22 = in1(27,:);
da_w21 = in1(45,:);
da_v23 = in1(31,:);
du11 = in1(1,:);
du12 = in1(3,:);
du13 = in1(5,:);
du21 = in1(7,:);
du22 = in1(9,:);
du23 = in1(11,:);
du31 = in1(13,:);
du32 = in1(15,:);
du33 = in1(17,:);
dv11 = in1(2,:);
dv12 = in1(4,:);
dv13 = in1(6,:);
dv21 = in1(8,:);
dv22 = in1(10,:);
dv23 = in1(12,:);
dv31 = in1(14,:);
dv32 = in1(16,:);
dv33 = in1(18,:);
dw11 = in1(19,:);
t2 = 1.0./pi.^4;
t3 = 1.0./pi.^6;
t4 = 1.0./pi.^8;
t5 = 1.0./pi.^2;
T = b_u11.*b_u21.*(-2.785714285714286e-6)-b_u12.*b_u22.*2.785714285714286e-6-b_u13.*b_u23.*2.785714285714286e-6-b_v11.*b_v21.*2.785714285714286e-6-b_v12.*b_v22.*2.785714285714286e-6-b_v13.*b_v23.*2.785714285714286e-6-b_w11.*b_w21.*2.785714285714286e-6-da_u11.*da_u21.*2.785714285714286e-6-da_u12.*da_u22.*2.785714285714286e-6-da_v11.*da_v21.*2.785714285714286e-6-da_u13.*da_u23.*2.785714285714286e-6-da_v12.*da_v22.*2.785714285714286e-6-da_w11.*da_w21.*2.785714285714286e-6-da_v13.*da_v23.*2.785714285714286e-6+b_u11.^2.*1.857142857142857e-6+b_u12.^2.*1.857142857142857e-6+b_u13.^2.*1.857142857142857e-6+b_u21.^2.*1.857142857142857e-6+b_u22.^2.*1.857142857142857e-6+b_u23.^2.*1.857142857142857e-6+b_v11.^2.*1.857142857142857e-6+b_v12.^2.*1.857142857142857e-6+b_v13.^2.*1.857142857142857e-6+b_v21.^2.*1.857142857142857e-6+b_v22.^2.*1.857142857142857e-6+b_v23.^2.*1.857142857142857e-6+b_w11.^2.*1.857142857142857e-6+b_w21.^2.*1.857142857142857e-6+da_u11.^2.*1.857142857142857e-6+da_u12.^2.*1.857142857142857e-6+da_v11.^2.*1.857142857142857e-6+da_u13.^2.*1.857142857142857e-6+da_v12.^2.*1.857142857142857e-6+da_w11.^2.*1.857142857142857e-6+da_v13.^2.*1.857142857142857e-6+da_u21.^2.*1.857142857142857e-6+da_u22.^2.*1.857142857142857e-6+da_v21.^2.*1.857142857142857e-6+da_u23.^2.*1.857142857142857e-6+da_v22.^2.*1.857142857142857e-6+da_w21.^2.*1.857142857142857e-6+da_v23.^2.*1.857142857142857e-6+du11.^2.*9.75e-3+du12.^2.*9.75e-3+du13.^2.*9.75e-3+du21.^2.*9.75e-3+du22.^2.*9.75e-3+du23.^2.*9.75e-3+du31.^2.*9.75e-3+du32.^2.*9.75e-3+du33.^2.*9.75e-3+dv11.^2.*9.75e-3+dv12.^2.*9.75e-3+dv13.^2.*9.75e-3+dv21.^2.*9.75e-3+dv22.^2.*9.75e-3+dv23.^2.*9.75e-3+dv31.^2.*9.75e-3+dv32.^2.*9.75e-3+dv33.^2.*9.75e-3+dw11.^2.*9.75e-3+b_u11.*da_u11.*t2.*7.8e-4-b_u11.*da_u11.*t3.*1.872e-2+b_u11.*da_u12.*t2.*1.95e-4+b_u12.*da_u11.*t2.*1.95e-4+b_u11.*da_u11.*t4.*1.1232e-1-b_u11.*da_u12.*t3.*2.34e-3+b_u11.*da_u13.*t2.*8.666666666666667e-5-b_u12.*da_u11.*t3.*2.34e-3+b_u12.*da_u12.*t2.*4.875e-5+b_u13.*da_u11.*t2.*8.666666666666667e-5-b_u11.*da_u13.*t3.*1.155555555555556e-3+b_u12.*da_u13.*t2.*2.166666666666667e-5-b_u13.*da_u11.*t3.*1.155555555555556e-3+b_u13.*da_u12.*t2.*2.166666666666667e-5+b_u11.*da_u13.*t4.*1.386666666666667e-3-b_u12.*da_u13.*t3.*2.888888888888889e-5+b_u13.*da_u11.*t4.*1.386666666666667e-3-b_u13.*da_u12.*t3.*2.888888888888889e-5+b_u13.*da_u13.*t2.*9.62962962962963e-6-b_u13.*da_u13.*t3.*2.567901234567901e-5+b_u13.*da_u13.*t4.*1.711934156378601e-5+b_u11.*da_u21.*t2.*7.8e-4+b_u21.*da_u11.*t2.*7.8e-4-b_u11.*da_u21.*t3.*1.872e-2+b_u11.*da_u22.*t2.*1.95e-4-b_u12.*da_u21.*t2.*1.95e-4-b_u21.*da_u11.*t3.*1.872e-2-b_u21.*da_u12.*t2.*1.95e-4+b_u22.*da_u11.*t2.*1.95e-4+b_u11.*da_u21.*t4.*1.1232e-1-b_u11.*da_u22.*t3.*2.34e-3+b_u11.*da_u23.*t2.*8.666666666666667e-5+b_u12.*da_u21.*t3.*2.34e-3-b_u12.*da_u22.*t2.*4.875e-5+b_u13.*da_u21.*t2.*8.666666666666667e-5+b_u21.*da_u11.*t4.*1.1232e-1+b_u21.*da_u12.*t3.*2.34e-3+b_u21.*da_u13.*t2.*8.666666666666667e-5-b_u22.*da_u11.*t3.*2.34e-3-b_u22.*da_u12.*t2.*4.875e-5+b_u23.*da_u11.*t2.*8.666666666666667e-5-b_u11.*da_u23.*t3.*1.155555555555556e-3-b_u12.*da_u23.*t2.*2.166666666666667e-5-b_u13.*da_u21.*t3.*1.155555555555556e-3+b_u13.*da_u22.*t2.*2.166666666666667e-5-b_u21.*da_u13.*t3.*1.155555555555556e-3+b_u22.*da_u13.*t2.*2.166666666666667e-5-b_u23.*da_u11.*t3.*1.155555555555556e-3-b_u23.*da_u12.*t2.*2.166666666666667e-5+b_u11.*da_u23.*t4.*1.386666666666667e-3+b_u12.*da_u23.*t3.*2.888888888888889e-5+b_u13.*da_u21.*t4.*1.386666666666667e-3-b_u13.*da_u22.*t3.*2.888888888888889e-5+b_u13.*da_u23.*t2.*9.62962962962963e-6+b_u21.*da_u13.*t4.*1.386666666666667e-3-b_u22.*da_u13.*t3.*2.888888888888889e-5+b_u23.*da_u11.*t4.*1.386666666666667e-3+b_u23.*da_u12.*t3.*2.888888888888889e-5+b_u23.*da_u13.*t2.*9.62962962962963e-6-b_u13.*da_u23.*t3.*2.567901234567901e-5-b_u23.*da_u13.*t3.*2.567901234567901e-5+b_u13.*da_u23.*t4.*1.711934156378601e-5+b_u23.*da_u13.*t4.*1.711934156378601e-5+b_u21.*da_u21.*t2.*7.8e-4-b_u21.*da_u21.*t3.*1.872e-2-b_u21.*da_u22.*t2.*1.95e-4-b_u22.*da_u21.*t2.*1.95e-4+b_u21.*da_u21.*t4.*1.1232e-1+b_u21.*da_u22.*t3.*2.34e-3+b_u21.*da_u23.*t2.*8.666666666666667e-5+b_u22.*da_u21.*t3.*2.34e-3+b_u22.*da_u22.*t2.*4.875e-5+b_u23.*da_u21.*t2.*8.666666666666667e-5-b_u21.*da_u23.*t3.*1.155555555555556e-3-b_u22.*da_u23.*t2.*2.166666666666667e-5-b_u23.*da_u21.*t3.*1.155555555555556e-3-b_u23.*da_u22.*t2.*2.166666666666667e-5+b_u21.*da_u23.*t4.*1.386666666666667e-3+b_u22.*da_u23.*t3.*2.888888888888889e-5+b_u23.*da_u21.*t4.*1.386666666666667e-3+b_u23.*da_u22.*t3.*2.888888888888889e-5+b_u23.*da_u23.*t2.*9.62962962962963e-6-b_u23.*da_u23.*t3.*2.567901234567901e-5+b_u23.*da_u23.*t4.*1.711934156378601e-5+b_v11.*da_v11.*t2.*7.8e-4-b_v11.*da_v11.*t3.*1.872e-2+b_v11.*da_v12.*t2.*1.95e-4+b_v12.*da_v11.*t2.*1.95e-4+b_v11.*da_v11.*t4.*1.1232e-1-b_v11.*da_v12.*t3.*2.34e-3+b_v11.*da_v13.*t2.*8.666666666666667e-5-b_v12.*da_v11.*t3.*2.34e-3+b_v12.*da_v12.*t2.*4.875e-5+b_v13.*da_v11.*t2.*8.666666666666667e-5-b_v11.*da_v13.*t3.*1.155555555555556e-3+b_v12.*da_v13.*t2.*2.166666666666667e-5-b_v13.*da_v11.*t3.*1.155555555555556e-3+b_v13.*da_v12.*t2.*2.166666666666667e-5+b_v11.*da_v13.*t4.*1.386666666666667e-3-b_v12.*da_v13.*t3.*2.888888888888889e-5+b_v13.*da_v11.*t4.*1.386666666666667e-3-b_v13.*da_v12.*t3.*2.888888888888889e-5+b_v13.*da_v13.*t2.*9.62962962962963e-6-b_v13.*da_v13.*t3.*2.567901234567901e-5+b_v13.*da_v13.*t4.*1.711934156378601e-5+b_v11.*da_v21.*t2.*7.8e-4+b_v21.*da_v11.*t2.*7.8e-4-b_v11.*da_v21.*t3.*1.872e-2+b_v11.*da_v22.*t2.*1.95e-4-b_v12.*da_v21.*t2.*1.95e-4-b_v21.*da_v11.*t3.*1.872e-2-b_v21.*da_v12.*t2.*1.95e-4+b_v22.*da_v11.*t2.*1.95e-4+b_v11.*da_v21.*t4.*1.1232e-1-b_v11.*da_v22.*t3.*2.34e-3+b_v11.*da_v23.*t2.*8.666666666666667e-5+b_v12.*da_v21.*t3.*2.34e-3-b_v12.*da_v22.*t2.*4.875e-5+b_v13.*da_v21.*t2.*8.666666666666667e-5+b_v21.*da_v11.*t4.*1.1232e-1+b_v21.*da_v12.*t3.*2.34e-3+b_v21.*da_v13.*t2.*8.666666666666667e-5-b_v22.*da_v11.*t3.*2.34e-3-b_v22.*da_v12.*t2.*4.875e-5+b_v23.*da_v11.*t2.*8.666666666666667e-5-b_v11.*da_v23.*t3.*1.155555555555556e-3-b_v12.*da_v23.*t2.*2.166666666666667e-5-b_v13.*da_v21.*t3.*1.155555555555556e-3+b_v13.*da_v22.*t2.*2.166666666666667e-5-b_v21.*da_v13.*t3.*1.155555555555556e-3+b_v22.*da_v13.*t2.*2.166666666666667e-5-b_v23.*da_v11.*t3.*1.155555555555556e-3-b_v23.*da_v12.*t2.*2.166666666666667e-5+b_v11.*da_v23.*t4.*1.386666666666667e-3+b_v12.*da_v23.*t3.*2.888888888888889e-5+b_v13.*da_v21.*t4.*1.386666666666667e-3-b_v13.*da_v22.*t3.*2.888888888888889e-5+b_v13.*da_v23.*t2.*9.62962962962963e-6+b_v21.*da_v13.*t4.*1.386666666666667e-3-b_v22.*da_v13.*t3.*2.888888888888889e-5+b_v23.*da_v11.*t4.*1.386666666666667e-3+b_v23.*da_v12.*t3.*2.888888888888889e-5+b_v23.*da_v13.*t2.*9.62962962962963e-6-b_v13.*da_v23.*t3.*2.56790123456790