function T = T_don_22dof_10ab11_1000h1_R11full(in1)
%T_DON_22DOF_10AB11_1000H1_R11FULL
%    T = T_DON_22DOF_10AB11_1000H1_R11FULL(IN1)

%    This function was generated by the Symbolic Math Toolbox version 8.2.
%    19-Oct-2018 13:46:02

du11 = in1(1,:);
du13 = in1(3,:);
du15 = in1(9,:);
du31 = in1(5,:);
du33 = in1(7,:);
du35 = in1(11,:);
du51 = in1(13,:);
du53 = in1(15,:);
du55 = in1(17,:);
dv11 = in1(2,:);
dv13 = in1(4,:);
dv15 = in1(10,:);
dv31 = in1(6,:);
dv33 = in1(8,:);
dv35 = in1(12,:);
dv51 = in1(14,:);
dv53 = in1(16,:);
dv55 = in1(18,:);
dw11 = in1(19,:);
dw13 = in1(20,:);
dw31 = in1(21,:);
dw33 = in1(22,:);
t2 = dw11.^2;
t3 = dw13.^2;
t4 = pi.^2;
t5 = dw31.^2;
t6 = dw33.^2;
t7 = 1.0./pi;
T = t2.*9.75e-3+t3.*9.75e-3+t5.*9.75e-3+t6.*9.75e-3+t2.^2.*t4.*9.140625e-2+t3.^2.*t4.*(1.17e2./2.56e2)+t4.*t5.^2.*(1.17e2./2.56e2)+t4.*t6.^2.*8.2265625e-1+du11.^2.*9.75e-3+du13.^2.*9.75e-3+du15.^2.*9.75e-3+du31.^2.*9.75e-3+du33.^2.*9.75e-3+du35.^2.*9.75e-3+du51.^2.*9.75e-3+du53.^2.*9.75e-3+du55.^2.*9.75e-3+dv11.^2.*9.75e-3+dv13.^2.*9.75e-3+dv15.^2.*9.75e-3+dv31.^2.*9.75e-3+dv33.^2.*9.75e-3+dv35.^2.*9.75e-3+dv51.^2.*9.75e-3+dv53.^2.*9.75e-3+dv55.^2.*9.75e-3-du11.*t2.*t7.*(2.6e1./7.5e1)-du11.*t3.*t7.*(2.34e2./8.75e2)+du13.*t2.*t7.*(2.6e1./3.75e2)-du11.*t5.*t7.*(2.34e2./8.75e2)-du13.*t3.*t7.*(2.6e1./2.25e2)-du11.*t6.*t7.*2.063020408163265e-1+du15.*t2.*t7.*9.904761904761905e-3+du13.*t5.*t7.*5.348571428571429e-2-du15.*t3.*t7.*1.701818181818182e-1-du13.*t6.*t7.*(7.8e1./8.75e2)+du15.*t5.*t7.*7.640816326530612e-3-du15.*t6.*t7.*1.312831168831169e-1+du31.*t2.*t7.*(2.6e1./1.25e2)+du31.*t3.*t7.*1.604571428571429e-1-du33.*t2.*t7.*(2.6e1./6.25e2)-du31.*t5.*t7.*(2.6e1./7.5e1)+du33.*t3.*t7.*(2.6e1./3.75e2)-du31.*t6.*t7.*(2.34e2./8.75e2)-du35.*t2.*t7.*5.942857142857143e-3+du33.*t5.*t7.*(2.6e1./3.75e2)+du35.*t3.*t7.*1.021090909090909e-1-du33.*t6.*t7.*(2.6e1./2.25e2)+du35.*t5.*t7.*9.904761904761905e-3-du35.*t6.*t7.*1.701818181818182e-1+du51.*t2.*t7.*(2.6e1./5.25e2)+du51.*t3.*t7.*3.820408163265306e-2-du53.*t2.*t7.*9.904761904761905e-3-du51.*t5.*t7.*(2.34e2./2.75e2)+du53.*t3.*t7.*1.650793650793651e-2-du51.*t6.*t7.*6.564155844155844e-1-du55.*t2.*t7.*1.414965986394558e-3+du53.*t5.*t7.*1.701818181818182e-1+du55.*t3.*t7.*2.431168831168831e-2-du53.*t6.*t7.*(7.8e1./2.75e2)+du55.*t5.*t7.*2.431168831168831e-2-du55.*t6.*t7.*4.177190082644628e-1-dv11.*t2.*t7.*(2.6e1./7.5e1)-dv11.*t3.*t7.*(2.34e2./8.75e2)+dv13.*t2.*t7.*(2.6e1./1.25e2)-dv11.*t5.*t7.*(2.34e2./8.75e2)-dv13.*t3.*t7.*(2.6e1./7.5e1)-dv11.*t6.*t7.*2.063020408163265e-1+dv15.*t2.*t7.*(2.6e1./5.25e2)+dv13.*t5.*t7.*1.604571428571429e-1-dv15.*t3.*t7.*(2.34e2./2.75e2)-dv13.*t6.*t7.*(2.34e2./8.75e2)+dv15.*t5.*t7.*3.820408163265306e-2-dv15.*t6.*t7.*6.564155844155844e-1+dv31.*t2.*t7.*(2.6e1./3.75e2)+dv31.*t3.*t7.*5.348571428571429e-2-dv33.*t2.*t7.*(2.6e1./6.25e2)-dv31.*t5.*t7.*(2.6e1./2.25e2)+dv33.*t3.*t7.*(2.6e1./3.75e2)-dv31.*t6.*t7.*(7.8e1./8.75e2)-dv35.*t2.*t7.*9.904761904761905e-3+dv33.*t5.*t7.*(2.6e1./3.75e2)+dv35.*t3.*t7.*1.701818181818182e-1-dv33.*t6.*t7.*(2.6e1./2.25e2)+dv35.*t5.*t7.*1.650793650793651e-2-dv35.*t6.*t7.*(7.8e1./2.75e2)+dv51.*t2.*t7.*9.904761904761905e-3+dv51.*t3.*t7.*7.640816326530612e-3-dv53.*t2.*t7.*5.942857142857143e-3-dv51.*t5.*t7.*1.701818181818182e-1+dv53.*t3.*t7.*9.904761904761905e-3-dv51.*t6.*t7.*1.312831168831169e-1-dv55.*t2.*t7.*1.414965986394558e-3+dv53.*t5.*t7.*1.021090909090909e-1+dv55.*t3.*t7.*2.431168831168831e-2-dv53.*t6.*t7.*1.701818181818182e-1+dv55.*t5.*t7.*2.431168831168831e-2-dv55.*t6.*t7.*4.177190082644628e-1+t2.*t3.*t4.*5.94140625e-1+t2.*t4.*t5.*5.94140625e-1+t2.*t4.*t6.*(3.51e2./6.4e2)+t3.*t4.*t5.*(3.51e2./6.4e2)+t3.*t4.*t6.*2.056640625+t4.*t5.*t6.*2.056640625+du11.*dw11.*dw13.*t7.*(5.2e1./3.75e2)-du13.*dw11.*dw13.*t7.*(4.68e2./8.75e2)+du15.*dw11.*dw13.*t7.*(5.2e1./3.15e2)-du11.*dw11.*dw31.*t7.*(5.2e1./1.25e2)+du11.*dw11.*dw33.*t7.*(5.2e1./6.25e2)+du11.*dw13.*dw31.*t7.*(5.2e1./6.25e2)+du13.*dw11.*dw31.*t7.*(5.2e1./6.25e2)-du31.*dw11.*dw13.*t7.*(5.2e1./6.25e2)-du11.*dw13.*dw33.*t7.*3.209142857142857e-1-du13.*dw11.*dw33.*t7.*3.209142857142857e-1-du13.*dw13.*dw31.*t7.*3.209142857142857e-1+du15.*dw11.*dw31.*t7.*1.188571428571429e-2+du33.*dw11.*dw13.*t7.*3.209142857142857e-1-du13.*dw13.*dw33.*t7.*(5.2e1./3.75e2)+du15.*dw11.*dw33.*t7.*(5.2e1./5.25e2)+du15.*dw13.*dw31.*t7.*(5.2e1./5.25e2)-du35.*dw11.*dw13.*t7.*(5.2e1./5.25e2)-du15.*dw13.*dw33.*t7.*2.042181818181818e-1-du31.*dw11.*dw31.*t7.*(1.56e2./1.75e2)+du11.*dw31.*dw33.*t7.*1.069714285714286e-1+du31.*dw11.*dw33.*t7.*(1.56e2./8.75e2)+du31.*dw13.*dw31.*t7.*(1.56e2./8.75e2)+du33.*dw11.*dw31.*t7.*(1.56e2./8.75e2)-du51.*dw11.*dw13.*t7.*1.980952380952381e-2-du13.*dw31.*dw33.*t7.*4.126040816326531e-1-du31.*dw13.*dw33.*t7.*6.876734693877551e-1-du33.*dw11.*dw33.*t7.*6.876734693877551e-1-du33.*dw13.*dw31.*t7.*6.876734693877551e-1+du35.*dw11.*dw31.*t7.*2.546938775510204e-2+du53.*dw11.*dw13.*t7.*7.640816326530612e-2+du15.*dw31.*dw33.*t7.*1.273469387755102e-1-du33.*dw13.*dw33.*t7.*(5.2e1./1.75e2)+du35.*dw11.*dw33.*t7.*(5.2e1./2.45e2)+du35.*dw13.*dw31.*t7.*(5.2e1./2.45e2)-du55.*dw11.*dw13.*t7.*2.35827664399093e-2-du35.*dw13.*dw33.*t7.*4.376103896103896e-1+du51.*dw11.*dw31.*t7.*(5.2e1./7.5e1)+du31.*dw31.*dw33.*t7.*(5.2e1./3.75e2)-du51.*dw11.*dw33.*t7.*(5.2e1./3.75e2)-du51.*dw13.*dw31.*t7.*(5.2e1./3.75e2)-du53.*dw11.*dw31.*t7.*(5.2e1./3.75e2)-du33.*dw31.*dw33.*t7.*(4.68e2./8.75e2)+du51.*dw13.*dw33.*t7.*(4.68e2./8.75e2)+du53.*dw11.*dw33.*t7.*(4.68e2./8.75e2)+du53.*dw13.*dw31.*t7.*(4.68e2./8.75e2)-du55.*dw11.*dw31.*t7.*1.980952380952381e-2+du35.*dw31.*dw33.*t7.*(5.2e1./3.15e2)+du53.*dw13.*dw33.*t7.*(5.2e1./2.25e2)-du55.*dw11.*dw33.*t7.*(5.2e1./3.15e2)-du55.*dw13.*dw31.*t7.*(5.2e1./3.15e2)+du55.*dw13.*dw33.*t7.*3.403636363636364e-1+du51.*dw31.*dw33.*t7.*3.403636363636364e-1-du53.*dw31.*dw33.*t7.*1.312831168831169+du55.*dw31.*dw33.*t7.*(1.56e2./3.85e2)-dv11.*dw11.*dw13.*t7.*(5.2e1./1.25e2)-dv13.*dw11.*dw13.*t7.*(1.56e2./1.75e2)+dv15.*dw11.*dw13.*t7.*(5.2e1./7.5e1)+dv11.*dw11.*dw31.*t7.*(5.2e1./3.75e2)+dv11.*dw11.*dw33.*t7.*(5.2e1./6.25e2)+dv11.*dw13.*dw31.*t7.*(5.2e1./6.25e2)-dv13.*dw11.*dw31.*t7.*(5.2e1./6.25e2)+dv31.*dw11.*dw13.*t7.*(5.2e1./6.25e2)+dv11.*dw13.*dw33.*t7.*1.069714285714286e-1+dv13.*dw11.*dw33.*t7.*(1.56e2./8.75e2)+dv13.*dw13.*dw31.*t7.*(1.56e2./8.75e2)-dv15.*dw11.*dw31.*t7.*1.980952380952381e-2+dv33.*dw11.*dw13.*t7.*(1.56e2./8.75e2)+dv13.*dw13.*dw33.*t7.*(5.2e1./3.75e2)-dv15.*dw11.*dw33.*t7.*(5.2e1./3.75e2)-dv15.*dw13.*dw31.*t7.*(5.2e1./3.75e2)-dv35.*dw11.*dw13.*t7.*(5.2e1./3.75e2)+dv15.*dw13.*dw33.*t7.*3.403636363636364e-1-dv31.*dw11.*dw31.*t7.*(4.68e2./8.75e2)-dv11.*dw31.*dw33.*t7.*3.209142857142857e-1-dv31.*dw11.*dw33.*t7.*3.209142857142857e-1-dv31.*dw13.*dw31.*t7.*3.209142857142857e-1+dv33.*dw11.*dw31.*t7.*3.209142857142857e-1+dv51.*dw11.*dw13.*t7.*1.188571428571429e-2-dv13.*dw31.*dw33.*t7.*6.876734693877551e-1-dv31.*dw13.*dw33.*t7.*4.126040816326531e-1-dv33.*dw11.*dw33.*t7.*6.876734693877551e-1-dv33.*dw13.*dw31.*t7.*6.876734693877551e-1+dv35.*dw11.*dw31.*t7.*7.640816326530612e-2+dv53.*dw11.*dw13.*t7.*2.546938775510204e-2+dv15.*dw31.*dw33.*t7.*(4.68e2./8.75e2)-dv33.*dw13.*dw33.*t7.*(4.68e2./8.75e2)+dv35.*dw11.*dw33.*t7.*(4.68e2./8.75e2)+dv35.*dw13.*dw31.*t7.*(4.68e2./8.75e2)-dv55.*dw11.*dw13.*t7.*1.980952380952381e-2-dv35.*dw13.*dw33.*t7.*1.312831168831169+dv51.*dw11.*dw31.*t7.*(5.2e1./3.15e2)-dv31.*dw31.*dw33.*t7.*(5.2e1./3.75e2)+dv51.*dw11.*dw33.*t7.*(5.2e1./5.25e2)+dv51.*dw13.*dw31.*t7.*(5.2e1./5.25e2)-dv53.*dw11.*dw31.*t7.*(5.2e1./5.25e2)-dv33.*dw31.*dw33.*t7.*(5.2e1./1.75e2)+dv51.*dw13.*dw33.*t7.*1.273469387755102e-1+dv53.*dw11.*dw33.*t7.*(5.2e1./2.45e2)+dv53.*dw13.*dw31.*t7.*(5.2e1./2.45e2)-dv55.*dw11.*dw31.*t7.*2.35827664399093e-2+dv35.*dw31.*dw33.*t7.*(5.2e1./2.25e2)+dv53.*dw13.*dw33.*t7.*(5.2e1./3.15e2)-dv55.*dw11.*dw33.*t7.*(5.2e1./3.15e2)-dv55.*dw13.*dw31.*t7.*(5.2e1./3.15e2)+dv55.*dw13.*dw33.*t7.*(1.56e2./3.85e2)-dv51.*dw31.*dw33.*t7.*2.042181818181818e-1-dv53.*dw31.*dw33.*t7.*4.376103896103896